Run 1: 2 minute wait time

18.91483449935913
2.178028106689453
2.1843276023864746
WAIT
2.758470058441162
2.5150961875915527
3.0853278636932373
2.6380832195281982
2.934563398361206
2.704646348953247
3.3402698040008545
2.8812687397003174
2.9461829662323
2.6940338611602783
2.3349082469940186
2.42836594581604
2.428391933441162
2.33516788482666
2.3890697956085205
2.43074107170105
2.5200891494750977
2.2292845249176025
2.1970624923706055
2.1936252117156982
2.3372304439544678
2.258958339691162
2.205941677093506
2.227030038833618
2.169717311859131
Average: 2.527341060638428
Note: Moved Mouse and used firefox for abit

Run 2: 2 minute wait time
8.254209041595459
2.221602439880371
2.1525044441223145
WAIT
2.171396493911743
2.1779112815856934
2.157569646835327
2.1259143352508545
2.1686294078826904
2.1713526248931885
2.15923810005188
2.1527018547058105
2.1811039447784424
2.1720213890075684
2.1869096755981445
2.154047966003418
2.2013955116271973
2.2419142723083496
2.2034614086151123
2.1737420558929443
2.1675546169281006
2.1584808826446533
2.161686420440674
2.2426693439483643
2.1719393730163574
2.1676924228668213
2.2039830684661865
2.1399309635162354
2.165309429168701
Average: 2.1751422595977785
Note: Have lots of background processes

Test 3: close all but experimentation, 2 minute wait
7.3431477546691895
2.0445406436920166
2.063652992248535
2.093035936355591
WAIT
2.0553197860717773
2.076242208480835
2.068267822265625
2.0688040256500244
2.0340118408203125
2.052663564682007
2.074324131011963
2.050849676132202
2.106978178024292
2.1074085235595703
2.061004400253296
2.074552536010742
2.097043037414551
2.044023036956787
2.0157394409179688
2.0468356609344482
2.11322283744812
2.0782625675201416
2.084831953048706
2.0489768981933594
2.0616846084594727
2.103816509246826
2.031745195388794
2.0554583072662354
Average: 2.068204107284546

Test 4: 10 minute wait, same conditions as previous.
7.294992446899414
2.038968801498413
2.050180673599243
WAIT
2.0971834659576416
2.108633518218994
2.0950701236724854
2.059889316558838
2.0432896614074707
2.0795466899871826
2.083000659942627
2.079679489135742
2.1043152809143066
2.0823683738708496
2.1361823081970215
2.0439295768737793
2.120293378829956
2.0795986652374268
2.079653739929199
2.0513975620269775
2.0393784046173096
2.037980794906616
2.0767107009887695
2.0311315059661865
2.058213233947754
2.0790388584136963
2.068772077560425
2.082059621810913
2.0910587310791016
Average: 2.076335029602051


